124652
124764
124794
124839
124902
125035
125089
125106
125237
125493
125529
125602
125610
125684
125712
125720
125725
125728
125750
125800
125889
126002
126368
126412
126496
126530
126599
126600
126601
126603
126604
126652
126719
126778
126946
127028
127050
127092
127093
127113
127117
127118
127132
127134
127141
127147
127175
127188
127192
127201
127202
127213
127217
127219
127220
127224
127225
127227
127228
127232
127235
127238
127239
127246
127265
127286
127287
127290
127313
127321
127326
127328
127331
127425
127546
127728
127815
127818
127850
127854
127879
127902
127913
127946
127950
127955
127977
128010
128018
128019
128027
128035
128039
128047
128049
128056
128064
128081
128089
128091
128094
128095
128102
128109
128112
128119
128128
128131
128138
128145
128147
128151
128153
128161
128162
128173
128186
128188
128191
128193
128196
128198
128200
128201
128203
128238
128240
128248
128249
128255
128260
128268
128271
128273
128275
128282
128293
128294
128301
128312
128318
128319
128439
128440
128556
128560
128583
128674
128677
128680
128681
128713
128720
128721
128724
128727
128736
128739
128740
128742
128760
128763
128772
128775
128779
128781
128789
128790
128796
128808
128817
128819
128823
128831
128832
128865
128867
128871
128892
128895
128897
128898
128900
128905
128906
128914
128920
128924
128927
128930
128933
128936
128938
128944
128947
128948
128950
128957
128959
128965
128966
128986
128989
128993
128994
128997
129009
129010
129015
129017
129025
129026
129034
129035
129037
129048
129049
129058
129059
129065
129096
129115
129116
129118
129122
129128
129136
129137
129158
129171
129205
129210
129212
129215
129217
129218
129224
129228
129238
129250
129253
129259
129261
129271
129283
129285
129450
129459
129465
129468
129470
129473
129500
129502
129503
129505
129511
129514
129519
129542
129545
129550
129552
129575
129579
129601
129626
129631
129690
129704
129712
129724
129726
129788
129805
129808
129810
129838
129839
129849
129853
129872
129873
129876
129886
129888
129889
129893
129896
129899
129902
129908
129940
129984
129994
130022
130031
130037
130038
130040
130069
130080
130107
130108
130126
130148
130151
130152
130154
130155
130204
130208
130214
130235
130282
130324
130327
130348
130361
130362
130371
130374
130380
130396
130411
130414
130426
130463
130490
130511
130512
130516
130521
130522
130523
130524
130525
130532
130541
130542
130552
130555
130556
130561
130567
130568
130569
130572
130579
130580
130584
130590
130591
130597
130600
130601
130610
130619
130621
130623
130625
130626
130635
130636
130637
130638
130646
130656
130664
130665
130666
130672
130674
130677
130682
130684
130687
130694
130695
130699
130705
130706
130707
130718
130719
130732
130739
130740
130746
130747
130753
130758
130759
130760
130768
130769
130773
130781
130782
130791
130797
130801
130809
130810
130814
130826
130827
130829
130834
130836
130843
130849
130856
130867
130869
130870
130871
130872
130873
130874
130881
130882
130883
130884
130892
130896
130897
130899
130903
130908
130909
130912
130917
130920
130922
130923
130932
130934
130935
130940
130941
130945
130946
130949
130950
130952
130955
130959
130960
130961
130962
130963
130967
130969
130970
130980
130982
130983
130984
130989
130992
130996
131001
131006
131009
131011
131012
131013
131015
131017
131018
131023
131024
131026
131030
131033
131034
131042
131044
131045
131049
131050
131051
131056
131058
131063
131065
131070
131075
131079
131080
131084
131087
131090
131092
131097
131101
131102
131103
131108
131109
131110
131111
131116
131119
131120
131123
131131
131132
131135
131138
131145
131146
131151
131152
131156
131157
131168
131169
131180
131181
131184
131202
131207
131209
131211
131216
131217
131218
131219
131220
131221
131227
131229
131230
131232
131234
131236
131239
131240
131242
131243
131245
131246
131247
131248
131249
131250
131251
131252
131253
131254
131256
131257
131258
131269
131270
131271
131274
131276
131277
131283
131286
131288
131289
131292
131293
131295
131299
131300
131301
131302
131305
131308
131309
131311
131314
131315
131316
131317
131318
131320
131322
131324
131325
131326
131329
131331
131334
131339
131345
131348
131359
131361
131365
131368
131371
131373
131375
131377
131378
131383
131385
131393
131394
131395
131396
131399
131401
131402
131404
131408
131415
131417
131418
131422
131426
131427
131428
131429
131432
131436
131438
131444
131453
131456
131459
131460
131462
131464
131466
131467
131468
131469
131473
131476
131483
131484
131487
131488
131490
131496
131500
131505
131509
131517
131519
131520
131527
131531
131532
131540
131545
131551
131555
131564
131566
131568
131569
131573
131574
131575
131576
131577
131578
131580
131581
131583
131584
131585
131586
131588
131590
131597
131598
131599
131604
131621
131623
131626
131627
131632
131633
131635
131636
131639
131642
131645
131649
131652
131657
131662
131663
131664
131666
131671
131673
131675
131680
131682
131684
131688
131689
131693
131694
131700
131707
131709
131719
131722
131724
131725
131736
131737
131739
131744
131748
131750
131751
131753
131755
131756
131758
131760
131764
131766
131767
131771
131772
131774
131777
131779
131781
131782
131784
131788
131797
131802
131805
131807
131810
131817
131822
131824
131827
131829
131830
131832
131847
131848
131849
131854
131857
131859
131860
131861
131869
131872
131873
131875
131876
131879
131883
131897
131898
131899
131902
131903
131906
131913
131918
131919
131926
131927
131928
131930
131932
131933
131934
131935
131941
131944
131945
131948
131952
131955
131956
131957
131958
131960
131962
131963
131964
131965
131966
131976
131980
131984
131987
131988
131995
131997
132000
132001
132007
132008
132010
132011
132013
132014
132015
132024
132025
132026
132030
132036
132040
132044
132047
132053
132058
132059
132061
132063
132070
132071
132073
132076
132078
132079
132085
132086
132090
132092
132094
132096
132102
132105
132107
132109
132111
132115
132117
132118
132119
132121
132123
132124
132125
132127
132128
132129
132130
132132
132134
132139
132140
132141
132142
132144
132148
132150
132151
132155
132166
132167
132168
132169
132170
132174
132175
132179
132182
132183
132185
132191
132198
132199
132200
132201
132205
132206
132210
132211
132214
132215
132216
132222
132224
132231
132234
132235
132237
132240
132241
132245
132254
132260
132261
132267
132270
132273
132276
132277
132282
132286
132287
132288
132290
132295
132296
132299
132303
132304
132305
132307
132310
132313
132315
132317
132320
132332
132335
132338
132342
132343
132347
132348
132352
132353
132354
132356
132357
132358
132359
132360
132366
132371
132373
132381
132384
132387
132389
132391
132394
132397
132398
132413
132414
132419
132420
132421
132430
132433
132436
132440
132443
132445
132449
132450
132452
132453
132457
132458
132462
132463
132464
132470
132471
132474
132475
132476
132481
132485
132488
132489
132493
132494
132499
132501
132502
132505
132506
132507
132514
132516
132517
132519
132522
132525
132526
132528
132536
132538
132542
132543
132544
132550
132552
132553
132554
132555
132557
132561
132562
132563
132572
132573
132577
132578
132580
132581
132582
132584
132585
132590
132602
132603
132604
132606
132612
132614
132615
132618
132621
132623
132629
132632
132638
132639
132645
132646
132648
132653
132654
132658
132659
132665
132667
132668
132673
132677
132678
132682
132683
132686
132690
132691
132692
132695
132696
132697
132703
132706
132709
132710
132713
132714
132715
132718
132719
132720
132722
132723
132726
132727
132731
132732
132734
132737
132739
132744
132745
132746
132747
132749
132757
132762
132767
132768
132770
132771
132774
132777
132778
132780
132785
132788
132793
132800
132802
132807
132810
132814
132815
132816
132817
132820
132821
132822
132826
132827
132828
132832
132833
132834
132836
132838
132839
132840
132841
133087
133108
133113
133159
133191
133192
133193
133194
133196
133198
133200
133204
133206
133209
133210
133215
133217
133302
133309
133313
133314
133321
133326
133331
133332
133335
133336
133337
133346
133349
133352
133355
133356
133359
133360
133361
133367
133368
133369
133372
133381
133385
133391
133395
133410
133411
133415
133427
133428
133434
133435
133437
133439
133440
133452
133463
133467
133468
133470
133473
133474
133475
133476
133506
133507
133508
133512
133513
133514
133515
133519
133520
133521
133522
133526
133527
133528
133532
133534
133538
133539
133548
133550
133551
133552
133553
133558
133561
133562
133563
133565
133568
133569
133571
133575
133579
133581
133583
133585
133587
133676
133839
133865
133867
133881
133886
133893
133999
134002
134012
134015
134019
134037
134038
134040
134046
134047
134048
134060
134079
134081
134092
134093
134094
134095
134099
134101
134103
134108
134109
134112
134123
134129
134133
134137
134143
134188
134215
134226
134249
134254
134257
134264
134266
134268
134277
134289
134304
134307
134322
134325
134342
134344
134351
134359
134367
134406
134420
134425
134427
134428
134429
134453
134478
134479
134480
134483
134487
134498
134503
134513
134514
134526
134529
134533
134536
134539
134540
134543
134557
134559
134560
134563
134623
134637
134650
134652
134657
134659
134661
134664
134668
134670
134671
134678
134679
134680
134689
134690
134698
134710
134711
134726
134727
134737
134740
134745
134772
134777
134827
134834
134836
134841
134843
134858
134860
134862
134864
134869
134912
134929
134947
134948
134959
134968
134973
135013
135015
135034
135039
135052
135057
135059
135078
135082
135084
135089
135091
135145
135408
135409
135410
135417
135418
135452
135487
135488
135496
135497
135509
135561
135581
135634
135643
135658
135794
135799
135850
135852
135968
136038
136216
136225
136282
136372
136413
136444
136594
136618
136635
136876
136889
136891
136926
136931
136935
136936
136963
136964
136966
136967
136979
136981
136986
137120
137176
137233
137234
137240
137275
137310
137373
137396
137412
137440
137774
137797
137799
137800
137807
137821
137826
137848
137851
137853
137862
137864
137867
137868
137875
137887
137891
137892
137896
137897
137898
137899
137900
137901
137903
137904
137912
137914
137922
137923
137924
137925
137930
137931
137933
137934
137936
137939
137946
137950
137955
137956
137973
137976
137978
137980
137983
137984
137996
137998
137999
138000
138001
138002
138057
138058
138081
138082
138083
138086
138087
138088
138089
138091
138093
138097
138099
138104
138106
138107
138108
138109
138110
138111
138114
138115
138118
138148
138149
138164
138165
138167
138179
138192
138193
138194
138195
138197
138200
138201
138203
138204
138205
138206
138207
138212
138217
138228
138232
138236
138251
138254
138256
138258
138267
138274
138280
138281
138282
138283
138284
138285
138316
138318
138319
138320
138321
138322
138324
138327
138328
138337
138338
138341
138344
138346
138349
138352
138366
138367
138368
138369
138370
138371
138374
138376
138378
138380
138382
138387
138388
138389
138391
138392
138396
138400
138408
138410
138412
138413
138414
138424
138457
138458
138482
138483
138487
138491
138492
138493
138494
138496
138508
138512
138513
138514
138516
138544
138545
138547
138549
138554
138555
138558
138559
138560
138608
138609
138611
138612
138614
138615
138683
138684
138688
138689
138691
138692
138732
138735
138754
138755
138758
138760
138761
138770
138773
138774
138777
138778
138782
138783
138784
138785
138786
138787
138789
138790
138831
138833
138835
138836
138837
138838
138852
138858
138860
138865
138866
138867
138868
138869
138871
138872
138873
138874
138875
138877
138878
138879
138881
138893
138894
138896
138902
138904
138906
138907
138908
138909
138916
138917
138920
138922
138926
138927
138961
138985
138986
139014
139015
139016
139017
139018
139019
139020
139021
139023
139026
139027
139028
139029
139030
139032
139033
139034
139036
139037
139058
139059
139063
139071
139072
139095
139097
139098
139099
139101
139102
139103
139119
139147
139180
139184
139186
139203
139207
139209
139235
139257
139263
139268
139270
139282
139283
139284
139286
139293
139294
139300
139301
139302
139303
139314
139315
139316
139317
139318
139325
139329
139330
139331
139334
139335
139336
139338
139339
139340
139377
139414
139418
139440
139441
139445
139446
139448
139454
139458
139459
139462
139463
139481
139519
139521
139524
139525
139526
139528
139530
139535
139543
139545
139546
139548
139559
139571
139602
139634
139635
139636
139654
139655
139659
139660
139661
139675
139676
139677
139679
139681
139682
139683
139685
139686
139688
139690
139705
139706
139707
139708
139709
139732
139733
139734
139736
139737
139764
139768
139809
139822
139823
139826
139827
139840
139841
139842
139843
139845
139855
139860
139861
139874
139876
139880
139886
139887
139896
139897
139903
139904
139905
139909
139913
139914
139924
139925
139965
139966
139967
140018
140021
140023
140024
140038
140052
140100
140101
140102
140104
140105
140106
140122
140123
140125
140127
140134
140135
140136
140137
140138
140140
140233
140237
140293
140298
140299
140300
140309
140312
140313
140315
140316
140317
140318
140319
140321
140323
140328
140329
140346
140348
140349
140350
140371
140372
140377
140388
140394
140395
140396
140397
140399
140400
140401
140402
140406
140407
140427
140428
140429
140431
140432
140434
140435
140436
140437
140439
140440
140458
140461
140466
140467
140468
140471
140472
140483
140484
140485
140487
140530
140531
140532
140536
140537
140547
140549
140550
140552
140553
140555
140558
140559
140560
140562
140563
140565
140570
140584
140592
140624
140625
140626
140628
140630
140632
140634
140636
140637
140647
140651
140665
140669
140675
140676
140688
140712
140714
140715
140716
140717
140719
140720
140721
140722
140724
140725
140747
140752
140753
140757
140758
140784
140785
140786
140788
140789
140799
140800
140802
140810
140811
140812
140839
140841
140844
140845
140852
140855
140857
140858
140859
140860
140861
140862
140876
140877
140880
140885
140886
140888
140890
140893
140895
140897
140899
140906
140951
141021
141024
141027
141038
141040
141041
141066
141077
141079
141083
141084
141085
141086
141087
141088
141112
141159
141162
141163
141164
141167
141188
141192
141212
141216
141219
141220
141221
141223
141247
141248
141266
141270
141271
141272
141293
141294
141295
141300
141306
141307
141308
141310
141394
141395
141400
141427
141428
141429
141432
141433
141480
141493
141494
141495
141496
141505
141506
141507
141508
141509
141526
141527
141530
141547
141548
141631
141636
141637
141638
141640
141659
141663
141666
141668
141671
141672
141675
141676
141677
141756
141757
141773
141774
141776
141778
141779
141780
141781
141782
141791
141825
141829
141841
141846
141847
141869
141870
141871
141878
141879
141910
141911
141912
141913
141914
141915
141926
141930
141945
141955
142011
142029
142030
142051
142052
142053
142054
142055
142056
142057
142059
142060
142071
142072
142073
142093
142094
142098
142100
142108
142111
142112
142114
142123
142126
142139
142142
142143
142202
142203
142205
142206
142207
142208
142209
142267
142268
142269
142276
142279
142281
142303
142329
142333
142337
142338
142343
142348
142349
142368
142400
142401
142402
142403
142405
142407
142408
142409
142413
142418
142419
142422
142423
142437
142439
142441
142443
142444
142445
142449
142450
142451
142452
142453
142464
142465
142480
142481
142482
142483
142484
142485
142488
142492
142493
142494
142496
142515
142524
142527
142530
142558
142559
142561
142562
142574
142616
142623
142624
142653
142657
142658
142671
142701
142716
142726
142728
142729
142731
142732
142736
142737
142738
142739
142787
142788
142789
142845
142893
142894
142897
142899
142915
142917
142921
142922
142924
142928
142930
142936
142940
142944
142946
142947
142948
142950
142954
142957
142985
142988
142989
143014
143019
143021
143022
143064
143076
143092
143094
143095
143097
143098
143101
143149
143192
143210
143211
143274
143278
143279
143280
143285
143308
143309
143311
143312
143313
143347
143348
143350
143352
143356
143358
143359
143362
143376
143377
143378
143379
143381
143382
143383
143385
143386
143388
143405
143407
143408
143409
143426
143428
143429
143430
143431
143434
143440
143457
143459
143460
143468
143471
143472
143498
143499
143500
143501
143502
143503
143505
143508
143509
143513
143514
143534
143538
143539
143540
143542
143543
143544
143545
143547
143549
143576
143577
143578
143579
143580
143581
143582
143628
143630
143631
143632
143633
143636
143637
143638
143640
143652
143653
143654
143655
143656
143667
143669
143671
143672
143676
143698
143701
143704
143707
143750
143751
143789
143790
143791
143793
143815
143816
143820
143825
143826
143834
143835
143840
143897
143902
143903
143905
143929
143932
143942
143962
143963
143965
143966
143967
143969
143984
143985
143986
143987
143988
143989
143990
144000
144001
144002
144003
144013
144014
144018
144020
144023
144024
144025
144026
144033
144041
144047
144054
144057
144061
144063
144065
144066
144068
144077
144098
144100
144107
144112
144129
144135
144136
144137
144138
144139
144140
144141
144142
144143
144145
144147
144163
144171
144215
144218
144219
144244
144246
144248
144260
144261
144262
144265
144270
144271
144301
144302
144334
144339
144344
144345
144346
144347
144360
144361
144400
144405
144452
144453
144467
144470
144489
144491
144492
144493
144494
144498
144505
144507
144508
144533
144535
144570
144571
144572
144579
144580
144582
144583
144631
144690
144691
144692
144693
144695
144697
144699
144700
144711
144712
144713
144727
144729
144730
144731
144765
144782
144785
144800
144819
144821
144837
144838
144841
144845
144846
144847
144849
144859
144860
144863
144882
144905
144907
144930
144931
144962
144965
144967
144968
144970
144981
144982
144983
144984
144985
144988
144989
144990
144992
145000
145001
145002
145003
145004
145005
145007
145009
145010
145011
145012
145025
145040
145042
145047
145053
145054
145055
145057
145058
145074
145076
145077
145106
145107
145108
145109
145110
145111
145116
145117
145118
145120
145122
145132
145134
145136
145137
145138
145139
145140
145146
145149
145155
145156
145157
145161
145162
145163
145164
145165
145168
145169
145171
145176
145177
145178
145179
145190
145193
145200
145202
145203
145208
145209
145273
145274
145275
145276
145315
145370
145372
145378
145404
145405
145406
145407
145441
145445
145451
145452
145457
145507
145729
145751
145752
145753
145756
145757
145758
145759
145768
145805
145964
145966
145968
145969
145970
145973
146002
146050
146051
146052
146143
146144
146145
146172
146173
146176
146177
146178
146179
146182
149459
149781
150069
150129
150237
150345
150360
150361
150396
150435
150436
150489
150549
150554
150603
150652
150655
150689
150694
150725
151421
151500
151520
151645
151667
151876
151998
152082
153165
153324
153359
153438
153462
153483
153516
153696
153943
153964
154004
154041
154145
154265
154339
154384
155049
155065
156278
157066
157266
157489
157630
157671
157785
157863
157882
157946
157963
158014
158030
158033
158056
158068
158085
158088
158093
158119
158183
158194
158199
158209
158217
158219
158223
158226
158229
158237
158240
158243
158250
158255
158259
158280
158291
158293
158295
158296
158301
158325
158334
158343
158355
158371
158384
158385
158388
158395
158398
158405
158411
158417
158462
158463
158464
158487
158491
158504
158509
158526
158535
158536
158539
158544
158545
158551
158553
158563
158564
158571
158575
158576
158580
158585
158587
158591
158595
158604
158606
158626
158644
158646
158658
158660
158663
158664
158667
158671
158683
158694
158698
158705
158712
158714
158715
158723
158734
158738
158746
158747
158750
158760
158766
158773
158780
158783
158787
158790
158800
158810
158825
158828
158829
158831
158835
158841
158842
158851
158853
158857
158866
158878
159177
159190
159196
159296
159473
159483
159528
159592
159663
159726
159838
160167
160173
160180
160186
160659
160660
160818
160826
160833
160857
160886
160944
160978
160988
161001
161004
161021
161184
161191
161367
161372
161373
161375
161384
161388
161395
161399
161401
161407
161408
161418
161421
161426
161431
161432
161441
161442
161449
161454
161456
161457
161460
161463
161468
161470
161471
161476
161478
161481
161482
161492
161499
161500
161503
161512
161516
161520
161523
161525
161533
161543
161545
161547
161550
161556
161557
161559
161561
161567
161572
161574
161580
161583
161588
161589
161591
161593
161597
161600
161609
161613
161616
161618
161619
161620
161622
161627
161632
161636
161637
161652
161653
161656
161659
161665
161668
161669
161670
161673
161676
161680
161684
161689
161694
161696
161700
161703
161711
161716
161718
161726
161728
161730
161732
161739
161740
161747
161749
161753
161755
161756
161765
161767
161768
161769
161772
161776
161777
161778
161779
161784
161787
161792
161796
161804
161809
161818
161819
161824
161825
161828
161829
161830
161837
161841
161844
161851
161852
161862
161863
161873
161874
161881
161882
161885
161889
161902
161921
161926
161927
161930
161931
161934
161939
161940
161944
161945
161946
161949
161951
161952
161959
161963
161964
161965
161970
161975
161977
161981
161984
161992
161994
161996
162001
162004
162006
162010
162011
162014
162023
162027
162028
162033
162036
162038
162041
162045
162047
162048
162052
162053
162054
162057
162069
162071
162072
162074
162075
162080
162081
162087
162092
162095
162098
162106
162107
162110
162112
162113
162116
162118
162119
162120
162123
162125
162128
162130
162132
162134
162140
162141
162142
162145
162150
162157
162160
162162
162168
162170
162176
162179
162182
162185
162187
162190
162195
162197
162199
162200
162206
162207
162210
162218
162219
162220
162221
162222
162235
162236
162240
162241
162248
162249
162258
162259
162261
162263
162264
162269
162273
162278
162280
162282
162284
162290
162295
162296
162301
162306
162312
162318
162321
162326
162328
162329
162330
162331
162334
162337
162340
162343
162346
162347
162353
162354
162355
162357
162358
162365
162369
162372
162375
162378
162380
162382
162383
162384
162386
162388
162390
162392
162396
162397
162399
162401
162405
162409
162410
162416
162419
162421
162425
162426
162429
162430
162435
162439
162440
162446
162448
162450
162455
162457
162460
162462
162465
162466
162472
162475
162479
162484
162486
162488
162489
162496
162497
162501
162505
162507
162509
162515
162518
162520
162522
162523
162524
162527
162528
162529
162530
162532
162533
162534
162540
162541
162543
162544
162550
162552
162555
162558
162559
162561
162562
162564
162566
162571
162572
162573
162574
162578
162580
162583
162584
162659
162796
162927
162947
162955
162956
162959
162972
162978
162980
162985
162995
162996
162998
162999
163181
163184
163186
163198
163214
163215
163220
163221
163222
163224
163354
163359
163361
163370
163372
163380
163381
163418
163424
163431
163517
163520
163522
163523
163525
163526
163672
163673
163674
164069
164189
164301
164329
164339
164618
164631
164658
164715
164720
164967
164989
165023
165114
165159
165487
165842
165901
166079
166439
167211
167212
167213
167215
167227
167307
167309
167314
167315
167317
167323
167328
167335
167336
167340
167346
167347
167348
167349
167385
167389
167390
167391
167392
167393
167394
167396
167413
167415
167419
167426
167446
167451
167458
167463
167473
167483
167486
167488
167490
167491
167503
167505
167508
167511
167512
167514
167614
167616
167620
167621
167627
167639
167640
167646
167657
167678
167792
167798
167810
167811
167814
167822
167824
167828
167830
167831
167847
167856
167863
167868
167869
167887
167892
167895
167900
167912
167991
168006
168029
168030
168033
168039
168045
168077
168078
168091
168114
168117
168126
168135
168137
168139
168145
168158
168180
168193
168205
168228
168241
168243
168247
168248
168249
168267
168268
168269
168270
168271
168308
168400
168409
168414
168511
168512
168702
168703
168705
168708
168710
168712
168713
168853
168854
168855
168856
168858
168869
168872
168873
168874
168876
168944
169058
169062
169063
169065
169312
169630
169631
169633
169634
169635
169637
169638
169644
169727
169728
169730
169781
169827
169828
169868
169871
169872
169874
169877
169926
169927
169930
170123
170167
170168
170169
170237
170238
170239
170240
170242
170251
170325
170397
170398
170399
170400
170401
170510
170572
170675
170677
170862
170863
170865
170866
170868
170907
170908
170909
171227
171229
171230
171294
171303
171304
171305
171306
171308
171310
171361
171362
171365
171367
171368
171370
171375
171376
171379
171380
171381
171393
171483
171487
171511
171512
171514
171518
171571
171691
171695
171696
171697
171698
171700
171703
172025
172027
172028
172029
172030
172054
172174
172242
172243
172244
172245
172246
172247
172248
172416
172418
172419
172421
172422
172467
172514
172515
172516
172548
172596
172604
172605
172821
172822
172825
172826
172842
172843
172848
172921
172923
172924
172973
173098
173101
173139
173164
173265
173266
173267
173301
173303
173305
173320
173330
173331
173332
173333
173385
173426
173427
173428
173430
173431
173478
173479
173480
173481
173482
173483
173486
173488
173489
173514
173515
173547
173629
173630
173631
173637
173702
173937
173938
173939
173943
173950
173956
173958
173959
174081
174082
174083
174084
174085
174087
174149
174151
174326
174371
174374
174377
174407
174408
174409
174410
174412
174413
174418
174423
174424
174439
174440
174454
174455
174456
174457
174502
174503
174571
174572
174573
174574
174577
174823
174824
174825
174904
174907
174908
174911
175031
175034
175036
175038
175039
175042
175044
175045
175069
175070
175071
175072
175073
175091
175092
175093
175234
175235
175236
175237
175239
175595
175761
175871
175872
175873
175990
175992
175994
175995
176006
176010
176131
176133
176266
176268
176269
176270
176271
176292
176293
176297
176299
176303
176446
176455
176466
176480
176502
176503
176505
176550
176552
176563
176564
176566
176567
176642
176643
176666
176702
176703
176704
176705
176706
176707
176709
176712
176714
176769
176861
176862
176881
176882
176895
176896
176897
176900
176975
177020
177022
177024
177103
177106
177107
177111
177112
177202
177250
177251
177252
177255
177295
177296
177297
177299
177348
177349
177351
177352
177353
177577
177580
177595
177635
177636
177637
177640
177641
177657
177659
177660
177661
177666
177787
177789
177842
177845
177846
177847
177848
177969
177971
177972
177978
178224
178255
178269
178272
178341
178405
178493
178643
178644
178645
178677
178678
178680
178710
178716
178718
178721
178728
178729
178730
178731
178733
178734
178735
178736
178804
178805
178806
178869
178870
178872
178873
178875
178894
178896
178897
178899
178970
178978
178981
178982
179153
179154
179155
179156
179158
179208
179209
179210
179211
179375
179376
179796
179892
179895
179924
180195
180242
180484
180485
180488
180500
180507
180509
180601
180603
180605
180606
180607
180796
180898
180948
180951
182006
182007
182008
182026
182031
182364
182367
182368
182700
182701
182702
182704
182866
182867
182868
183269
183520
183643
183675
183679
183680
183911
184047
184074
184075
184076
184077
184606
184612
185030
185044
185046
185047
185242
185247
185382
185398
185531
185553
185672
185708
186575
186578
186580
186581
186678
186680
186684
186979
186981
186994
186995
186996
186997
187296
187299
187307
187581
187838
187839
187947
188044
188045
188050
188096
