84291
84329
84369
84371
84396
84417
84434
84465
84476
84495
84513
84517
84531
84534
84548
84553
84603
84605
84608
84613
84615
84631
84642
84666
84673
84703
84717
84722
84769
84791
84795
84809
84810
84829
84878
84887
84911
84914
84917
84969
84996
84997
85056
85066
85070
85130
85133
85161
85163
85201
85255
85280
85335
85358
85375
85393
85435
85489
85504
85535
85548
85566
85574
85575
85580
85601
85642
85648
85654
85678
85700
85760
85811
85828
85845
85869
85923
85970
85978
86059
86093
86135
86141
86159
86227
86283
86365
86375
86455
86488
86520
86547
86586
86762
86770
86824
86845
86898
86993
87074
87107
88009
88238
88256
88263
88269
88319
88324
88407
88411
88425
88468
88481
88495
88497
88513
88521
88528
88531
88545
88549
88551
88561
88563
88565
88575
88579
88583
88587
88595
88599
89156
89162
90296
90339
93578
93581
93584
93763
93770
93896
93919
94045
94052
94059
94200
94206
94345
94651
94692
94709
94717
94730
94821
94830
94886
94911
95015
95025
95036
95057
95106
95136
95162
95190
95192
95225
95259
95295
95297
95375
95400
95436
95442
95453
95469
95527
95560
95599
95655
95716
95767
95817
95822
95877
95891
95972
95985
96086
96136
96266
96270
96304
96312
96397
96404
96407
96509
96599
96603
96658
96708
96776
96896
97063
97082
97095
97114
97254
97290
97445
97575
97591
97597
97753
97765
97770
97774
97785
97791
97942
97960
98111
98216
98260
98423
98550
98572
98607
98677
98678
98684
98766
98775
98797
98817
98823
98826
98829
98840
98842
98852
98853
98869
98870
98871
98876
98880
98885
98891
98903
98945
98955
98995
99004
99011
99012
99018
99029
99030
99035
99036
99048
99057
99059
99060
99067
99071
99076
99078
99084
99087
99122
99127
99139
99150
99161
99172
99205
99214
99223
99253
99262
99265
99271
99287
99292
99299
99301
99302
99308
99310
99312
99315
99316
99326
99331
99334
99338
99346
99357
99360
99361
99362
99378
99380
99381
99382
99390
99392
99407
99410
99412
99421
99423
99428
99432
99439
99444
99451
99453
99454
99465
99467
99475
99480
99489
99491
99497
99501
99502
99513
99523
99525
99527
99529
99531
99542
99544
99548
99552
99553
99556
99562
99566
99567
99574
99583
99586
99587
99600
99602
99614
99616
99627
99628
99633
99639
99650
99652
99656
99740
99749
99752
99811
99845
99941
99961
100012
100013
100034
100060
100158
100172
100173
100252
100290
100320
100351
100352
100353
100432
100441
100444
100458
100469
100484
100510
100538
100541
100543
100549
100587
100594
100620
100630
100640
100660
100662
100663
100674
100747
100771
100775
100839
100868
100939
100942
100943
100945
100946
100950
100953
101009
101056
101064
101065
101070
101074
101084
101087
101088
101096
101103
101106
101109
101114
101121
101124
101128
101129
101134
101135
101140
101145
101146
101156
101161
101162
101163
101184
101189
101192
101200
101201
101222
101236
101245
101248
101272
101277
101281
101282
101287
101288
101294
101295
101301
101302
101313
101329
101331
101337
101344
101345
101350
101360
101365
101369
101372
101378
101385
101388
101402
101407
101414
101419
101420
101421
101428
101440
101502
101512
101518
101525
101531
101549
101556
101566
101569
101574
101653
101662
101682
101694
101697
101698
101724
101728
101737
101739
101742
101745
101747
101758
101776
101777
101798
101815
101821
101904
101905
101909
101956
101973
101978
101979
102000
102013
102018
102020
102033
102035
102040
102046
102050
102053
102063
102066
102132
102134
102136
102139
102143
102167
102186
102194
102318
102331
102341
102342
102405
102406
102411
102414
102415
102428
102436
102443
102460
102461
102469
102503
102507
102509
102549
102553
102560
102566
102579
102586
102590
102598
102600
102603
102609
102622
102648
102658
102670
102681
102739
102744
102745
102747
102751
102752
102753
102760
102764
102767
102775
102777
102782
102785
102794
102798
102799
102818
102820
102824
102825
102827
102831
102833
102844
102848
102854
102855
102860
102862
102865
102866
102870
102871
102873
102874
102876
102879
102880
102888
102891
102894
102903
102907
102912
102913
102918
102919
102920
102921
102925
102926
102928
102934
102935
102936
102941
102945
102948
102949
102951
102953
102954
102961
102963
102966
102969
102972
102976
102978
102982
102983
102984
102988
102989
102990
102992
102993
102999
103002
103007
103009
103010
103012
103014
103016
103023
103025
103026
103031
103035
103036
103041
103042
103043
103049
103050
103051
103054
103057
103066
103068
103070
103071
103082
103083
103085
103099
103108
103110
103113
103115
103120
103128
103130
103135
103138
103139
103141
103142
103145
103146
103147
103150
103153
103154
103157
103162
103163
103164
103183
103228
103264
103275
103328
103361
103376
103391
103393
103394
103401
103410
103456
103457
103465
103484
103547
103604
103807
103840
103841
103842
103843
103965
104096
104102
104132
104138
104140
104141
104143
104247
104296
104297
104300
104301
104304
104481
104482
104483
104484
104618
104619
104624
104625
104626
104745
104910
104913
104914
104918
104919
104920
104921
104922
104940
104941
104943
104944
104945
104946
105010
105011
105015
105017
105018
105173
105176
105177
105178
105179
105180
105363
105364
105365
105366
105367
105393
105394
105399
105416
105417
105418
105433
105503
105504
105508
105580
105598
105746
105747
105748
105749
105753
105754
105756
105775
105856
105876
105882
106094
106095
106118
106120
106137
106140
106319
106455
106456
106457
106458
106460
106462
106516
106517
106739
106814
106934
106935
106936
106937
106939
106940
106973
106977
106978
106980
106981
106984
106986
107123
107124
107125
107126
107159
107162
107181
107182
107183
107184
107185
107213
107214
107215
107216
107217
107218
107283
107288
107525
107531
107590
107641
107642
107643
107647
107648
107649
107650
107654
107817
107820
108057
108062
108147
108148
108149
108151
108153
108173
108198
108201
108202
108203
108213
108216
108428
108552
108568
108569
108570
108573
108587
108589
108591
108592
108630
108631
108636
108637
108638
108639
108744
108746
108765
108866
108867
108868
108869
108900
108903
108904
108905
108962
108967
108981
108982
108984
108985
108986
108988
108998
108999
109001
109040
109041
109042
109043
109044
109047
109048
109088
109116
109117
109118
109123
109204
109229
109234
109235
109297
109298
109329
109366
109367
109510
109514
109537
109538
109539
109540
109542
109543
109605
109606
109607
109729
109739
109760
109761
109762
109764
109765
109766
109767
109768
109770
109772
109786
109787
109788
109790
109792
109830
109833
109834
109844
109847
109848
109854
109886
109887
109889
109890
109976
109977
109978
110051
110052
110053
110054
110073
110074
110116
110162
110163
110164
110166
110194
110198
110199
110201
110212
110409
110466
110694
110760
110762
110774
110775
110811
110812
110814
110816
110819
110828
110829
110830
110831
110832
110919
110966
111054
111055
111057
111130
111195
111338
111340
111369
111371
111372
111373
111441
111442
111445
111514
111515
111605
111712
111713
111715
111716
111717
111718
111719
111720
111724
111728
111937
111969
111970
111971
111972
111973
111974
112162
112165
112166
112199
112201
112202
112203
112208
112239
112241
112242
112243
112244
112245
112275
112360
112387
112395
112631
112633
112634
112651
112665
112666
112669
112696
112697
112698
112732
112735
112736
112737
112739
112814
112817
112818
112819
112820
112832
112850
112915
112916
112917
112930
112931
112932
112933
112985
113215
113216
113217
113218
113369
113370
113371
113494
113587
113591
113667
113869
113873
113882
113883
113884
113890
113891
113892
113893
113894
113895
113905
113906
113908
113909
113924
113947
113948
113949
113976
113982
113984
113985
113989
113990
113991
113995
114009
114010
114022
114023
114024
114025
114045
114046
114047
114063
114064
114065
114067
114079
114080
114082
114084
114456
114457
114497
114498
114499
114500
114501
114504
114507
114508
114509
114512
114513
114760
114762
114766
114767
114951
114952
114953
114954
115122
115156
115160
115172
115174
115591
115816
115817
115818
115820
115843
116320
116321
116322
116324
116326
116342
116345
116346
116347
116483
116489
116626
116628
116629
116631
116632
116633
117065
117066
117067
117149
117253
117256
117271
117736
117804
117808
117810
118284
118914
118915
119043
119049
119064
119102
119103
119104
119213
119226
119526
119527
120269
120918
120920
120922
120923
120925
121038
121039
121657
121658
121659
121663
121791
121797
121798
121828
121829
121832
122193
122195
122196
122361
122362
122363
122366
122398
122617
122621
122652
122654
122656
122657
122837
122838
122839
124057
124059
124060
188784
188806
188839
188847
188850
188882
188925
188931
188949
189033
189108
189118
189139
189175
189196
189248
189307
189313
189329
189338
189736
189764
189857
190035
190082
190168
190201
190210
190216
190346
190366
190454
190565
190587
190588
190593
190599
190658
190661
190669
190675
190753
190866
190867
190889
190909
190916
190920
190937
190946
190947
190962
191007
191038
191041
191057
191075
191261
191273
191274
191286
191300
191302
191373
191389
191395
191400
191410
191417
191445
191469
191474
191494
191496
191497
191501
191507
191547
191550
191552
191562
191563
191569
191574
191577
191586
191594
191597
191600
191601
191602
191603
191611
191613
191615
191617
191620
191622
191625
191626
191629
191728
191731
191736
191781
191966
192028
192092
192395
192406
192429
192462
192579
192678
192796
192847
192868
192915
192923
193003
193071
193092
193095
193117
193238
193246
193256
193265
193267
193328
193408
193423
193426
193434
193435
193436
193440
193443
193510
193585
193592
193597
193605
193611
193612
193615
193618
193727
193771
193778
193786
193791
193793
193801
193802
193803
193940
193991
194214
194356
194429
194579
194600
194605
194655
194672
194696
194698
194705
194737
194740
194741
194746
194764
194770
194772
194776
194781
194824
194826
194833
194837
194844
194850
194854
194936
194944
194976
194982
194994
194998
195005
195007
195011
195015
195017
195027
195028
195033
195042
195063
195064
195070
195077
195083
195091
195095
195099
195102
195106
195109
195110
195112
195117
195125
195127
195138
195170
195206
195207
195211
195213
195236
195241
195245
195247
195249
195250
195253
195254
195255
195272
195284
195299
195335
195343
195351
195370
195508
195511
195515
195528
195545
195552
195560
195562
195572
195582
195598
195602
195609
195615
195628
195635
195648
195659
195660
195663
195668
195669
195679
195682
195683
195685
195690
195691
195698
195707
195708
195717
195719
195743
195744
195748
195759
195763
195764
195766
195771
195778
195785
195788
195789
195793
195795
195806
195839
195844
195846
195863
195864
195866
195875
195878
195884
195888
195890
195898
195903
195910
195921
195957
195963
195984
195985
196000
196053
196054
196056
196115
196127
196137
196143
196156
196158
196171
196173
196202
196207
196213
196214
196222
196233
196236
196238
196244
196245
196248
196251
196256
196266
196272
196275
196292
196371
196391
196393
196400
196412
196413
196414
196416
196417
196418
196425
196438
196440
196465
196517
196518
196521
196522
196528
196534
196555
196561
196571
196573
196576
196578
196580
196587
196589
196598
196601
196610
196620
196625
196636
196641
196671
196693
196695
196699
196732
196733
196734
196760
196765
196798
196800
196811
196812
196819
196840
196851
196853
196861
196869
196880
196950
196987
197003
197021
197024
197053
197115
197224
197273
197280
197312
197326
197329
197331
197332
197333
197335
197338
197341
197353
197359
197365
197367
197554
197556
197558
197559
197562
197564
197600
197611
197613
197622
197638
197641
197643
197648
197658
197670
197671
197679
197680
197700
197704
197706
197709
197716
197726
197728
197730
197733
197739
197741
197767
197771
197772
197776
197784
197787
197792
197793
197796
197800
197801
197802
197803
197806
197807
197813
197815
197817
197820
197829
197834
197839
197841
197842
197843
197845
197849
197850
197859
197861
197862
197870
197878
197882
197885
197887
197891
197893
197894
197895
197900
197955
197959
197960
197962
198090
198180
198193
198218
198220
198225
198229
198230
198237
198238
198293
198296
198297
198298
198299
198315
198327
198350
198352
198353
198360
198362
198366
198376
198381
198382
198393
198400
198401
198403
198409
198410
198415
198417
198421
198423
198425
198426
198427
198436
198441
198446
198447
198451
198452
198453
198457
198466
198485
198486
198492
198493
198522
198525
198526
198541
198545
198549
198550
198551
198566
198568
198573
198574
198578
198584
198586
198587
198598
198604
198605
198609
198619
198620
198624
198644
198650
198659
198660
198661
198669
198670
198678
198690
198692
198693
198695
198699
198702
198703
198739
198749
198777
198786
198837
198855
198859
198860
198862
198866
198867
198871
198882
198887
198892
198894
198926
198927
198931
198932
198941
198944
198966
198999
199015
199026
199038
199049
199067
199076
199077
199083
199084
199090
199092
199093
199111
199112
199117
199125
199128
199132
199134
199138
199139
199147
199148
199154
199156
199168
199203
199222
199236
199266
199273
199277
199285
199287
199288
199292
199294
199295
199298
199345
199359
199360
199361
199371
199389
199396
199412
199429
199451
199454
199468
199496
199498
199507
199510
199515
199527
199551
199569
199579
199581
199644
199681
199687
199689
199693
199703
199706
199711
199714
199718
199722
199725
199739
199743
199746
199762
199773
199786
199792
199803
199808
199811
199822
199830
199877
199910
199915
199944
199954
199958
199959
199965
199966
199971
199977
199998
199999
200045
200047
200049
200060
200068
200077
200087
200101
200103
200104
200105
200107
200109
200111
200113
200114
200116
200118
200120
200124
200125
200126
200129
200135
200137
200141
200147
200153
200154
200155
200157
200161
200165
200167
200170
200172
200173
200179
200180
200188
200189
200193
200194
200199
200201
200205
200206
200207
200214
200221
200222
200229
200230
200231
200235
200236
200238
200239
200242
200243
200247
200253
200256
200259
200261
200262
200267
200268
200272
200273
200275
200278
200281
200282
200286
200288
200289
200291
200292
200293
200297
200298
200299
200305
200306
200307
200309
200310
200314
200323
200331
200334
200335
200336
200337
200338
200339
200342
200343
200344
200346
200347
200348
200351
200352
200356
200359
200360
200362
200369
200371
200373
200375
200376
200378
200380
200381
200384
200385
200386
200388
200390
200391
200393
200398
200402
200403
200404
200406
200410
200412
200415
200419
200420
200424
200431
200432
200435
200436
200443
200444
200446
200450
200452
200454
200456
200459
200469
200471
200473
200475
200479
200480
200481
200484
200486
200487
200488
200492
200494
200497
200499
200504
200505
200507
200509
200510
200514
200520
200521
200522
200523
200524
200525
200526
200527
200528
200529
200530
200531
200532
200533
200535
200537
200539
200540
200541
200543
200544
200545
200546
200548
200549
200551
200552
200553
200554
200556
200562
200563
200567
200568
200571
200577
200578
200581
200584
200585
200586
200588
200591
200596
200600
200602
200603
200611
200613
200616
200617
200619
200620
200623
200625
200628
200631
200634
200637
200639
200643
200645
200647
200648
200649
200655
200657
200661
200662
200664
200665
200667
200668
200675
200677
200682
200683
200684
200686
200687
200691
200693
200694
200695
200698
200699
200700
200702
200704
200705
200707
200710
200714
200715
200716
200719
200720
200722
200723
200724
200725
200731
200734
200735
200736
200739
200741
200742
200743
200745
200746
200749
200752
200753
200754
200755
200757
200760
200762
200765
200771
200772
200773
200777
200781
200782
200783
200784
200787
200790
200791
200794
200796
200797
200799
200803
200804
200806
200807
200808
200809
200814
200817
200820
200824
200825
200826
200827
200830
200831
200832
200840
200841
200844
200846
200851
200867
200869
200870
200871
200872
200877
200879
200881
200882
200884
200885
200886
200887
200888
200891
200892
200893
200894
200895
200896
200897
200898
200901
200904
200906
200907
200908
200910
200911
200912
200914
200915
200919
200925
200926
200933
200934
200935
200937
200938
200939
200940
200941
200942
200944
200946
200947
200949
200950
200951
200952
200953
200956
200961
200964
200965
200967
200968
200969
200971
200972
200974
200982
200985
200987
200989
200991
200994
200997
200999
201000
201001
201002
201004
201007
201009
201010
201015
201017
201021
201027
201028
201034
201035
201046
201049
201050
201054
201060
201061
201062
201068
201071
201072
201077
201080
201084
201086
201087
201094
201096
201097
201098
201099
201101
201102
201104
201107
201108
201109
201111
201113
201115
201118
201119
201120
201125
201126
201127
201132
201135
201139
201141
201142
201145
201151
201155
201158
201161
201163
201165
201174
201175
201177
201178
201182
201184
201186
201190
201191
201192
201194
201196
201202
201207
201209
201216
201217
201219
201221
201222
201226
201229
201231
201233
201234
201244
201245
201248
201256
201262
201263
201264
201267
201268
201271
201274
201275
201280
201281
201286
201287
201289
201290
201291
201297
201299
201301
201302
201303
201306
201310
201312
201316
201321
201323
201326
201333
201334
201336
201337
201344
201345
201349
201350
201351
201355
201356
201360
201361
201362
201363
201365
201366
201368
201371
201378
201380
201389
201390
201392
201395
201399
201404
201405
201406
201411
201412
201417
201419
201420
201421
201423
201425
201426
201438
201439
201440
201442
201444
201447
201448
201450
201456
201457
201458
201460
201461
201462
201465
201466
201469
201472
201473
201474
201475
201476
201477
201479
201483
201484
201486
201489
201491
201492
201493
201494
201500
201502
201503
201504
201505
201507
201508
201509
201512
201513
201514
201518
201520
201523
201525
201526
201530
201531
201536
201540
201546
201547
201552
201553
201554
201555
201563
201564
201567
201570
201572
201573
201576
201579
201580
201582
201587
201591
201592
201594
201595
201596
201599
201601
201602
201604
201609
201611
201613
201615
201616
201617
201619
201621
201625
201628
201630
201632
201642
201643
201644
201646
201648
201649
201650
201652
201654
201660
201661
201665
201672
201674
201678
201679
201680
201684
201685
201686
201687
201692
201694
201698
201699
201700
201702
201705
201706
201709
201711
201713
201719
201722
201724
201727
201730
201735
201738
201740
201743
201745
201747
201752
201755
201756
201757
201758
201763
201764
201765
201766
201768
201770
201771
201772
201777
201780
201782
201785
201788
201789
201791
201793
201794
201798
201799
201803
201804
201805
201806
201810
201813
201814
201816
201818
201819
201820
201822
201826
201827
201831
201837
201838
201842
201843
201846
201852
201854
201857
201858
201859
201860
201861
201862
201867
201870
201872
201876
201884
201890
201892
201893
201898
201900
201904
201906
201910
201911
201920
201921
201926
201928
201930
201933
201937
201938
201939
201947
201950
201952
201956
201957
201958
201961
201964
201965
201967
201975
201981
201982
201984
201985
201993
201994
201995
201997
202003
202004
202007
202012
202014
202044
202062
202063
202064
202067
202072
202079
202080
202081
202082
202084
202085
202086
202222
202223
202224
202225
202227
202228
202229
202251
202255
202256
202257
202258
202260
202261
202293
202297
202301
202302
202305
202308
202309
202312
202313
202343
202344
202345
202346
202347
202348
202349
202350
202355
202359
202386
202387
202388
202423
202430
202431
202436
202438
202439
202441
202442
202443
202460
202461
202462
202464
202466
202467
202468
202479
202481
202487
202512
202516
202518
202519
202520
202522
202525
202527
202528
202529
202531
202537
202540
202541
202573
202578
202579
202580
202583
202586
202587
202588
202615
202642
202652
202653
202654
202655
202657
202659
202660
202665
202667
202668
202672
202675
202676
202677
202679
202680
202698
202699
202703
202704
202707
202708
202710
202711
202716
202722
202724
202725
202726
202747
202751
202756
202778
202799
202800
202801
202802
202803
202830
202834
202840
202842
202844
202846
202847
202848
202849
202850
202851
202854
202856
202860
202861
202862
202874
202879
202881
202896
202897
202898
202899
202943
202947
202949
202952
202960
202964
202975
202986
202987
202988
202991
202992
202994
202997
203000
203001
203003
203005
203010
203011
203012
203019
203021
203023
203025
203026
203027
203031
203086
203087
203088
203089
203090
203091
203093
203094
203102
203132
203152
203153
203156
203202
203204
203205
203238
203239
203241
203244
203245
203261
203262
203263
203264
203286
203289
203303
203306
203307
203308
203309
203320
203321
203326
203327
203329
203333
203347
203358
203359
203360
203361
203363
203370
203387
203391
203396
203397
203398
203402
203403
203405
203406
203407
203408
203426
203427
203429
203430
203441
203442
203443
203444
203445
203448
203451
203452
203453
203455
203466
203467
203468
203471
203472
203482
203485
203486
203493
203501
203503
203509
203512
203513
203514
203516
203520
203525
203528
203532
203556
203579
203582
203598
203599
203600
203601
203603
203629
203687
203713
203714
203718
203722
203724
203725
203726
203735
203736
203747
203749
203750
203755
203767
203772
203774
203787
203788
203789
203791
203792
203793
203810
203811
203812
203840
203841
203842
203844
203845
203862
203869
203891
203894
203895
203898
203909
203910
203912
203914
203917
203918
203921
203922
203924
203933
203942
203943
203945
203946
203949
203994
203995
203996
203997
203999
204000
204011
204053
204054
204055
204059
204061
204062
204064
204075
204081
204082
204101
204103
204104
204105
204106
204110
204111
204112
204127
204128
204131
204132
204133
204134
204143
204150
204152
204155
204156
204157
204158
204159
204160
204162
204165
204166
204168
204175
204200
204217
204218
204219
204220
204223
204224
204225
204229
204230
204260
204263
204265
204281
204284
204296
204298
204299
204300
204301
204302
204305
204310
204312
204315
204316
204319
204347
204349
204352
204354
204355
204356
204357
204358
204365
204369
204370
204372
204425
204442
204444
204447
204448
204449
204485
204488
204489
204490
204515
204516
204517
204518
204519
204521
204522
204524
204525
204526
204528
204531
204533
204534
204535
204549
204550
204557
204558
204559
204560
204569
204582
204583
204585
204587
204595
204596
204597
204598
204599
204600
204628
204653
204654
204655
204657
204658
204659
204685
204686
204691
204692
204695
204697
204698
204701
204713
204714
204717
204731
204733
204734
204735
204736
204738
204739
204750
204751
204752
204753
204756
204759
204766
204779
204782
204786
204802
204804
204807
204808
204809
204810
204811
204821
204824
204825
204849
204850
204852
204855
204875
204878
204879
204881
204884
204885
204892
204908
204910
204922
204924
204925
204926
204927
204928
204951
204953
204959
205000
205024
205063
205064
205065
205066
205068
205070
205079
205081
205143
205145
205146
205147
205148
205180
205182
205185
205190
205192
205193
205209
205210
205213
205214
205249
205252
205257
205258
205288
205293
205295
205296
205301
205302
205304
205306
205307
205319
205321
205355
205357
205358
205359
205360
205362
205364
205366
205367
205369
205387
205388
205470
205471
205525
205527
205529
205539
205549
205591
205592
205593
205594
205596
205597
205598
205599
205600
205602
205605
205606
205610
205613
205614
205669
205683
205685
205687
205719
205721
205725
205726
205727
205734
205735
205753
205776
205779
205780
205781
205785
205788
205797
205811
205812
205857
205860
205862
205888
205889
205890
205942
205943
205946
205969
205976
205978
205979
205980
205983
205984
206002
206003
206005
206007
206012
206013
206014
206050
206057
206059
206086
206087
206091
206092
206101
206102
206104
206105
206106
206107
206174
206180
206208
206209
206211
206212
206223
206241
206242
206243
206244
206245
206246
206247
206248
206282
206294
206329
206330
206372
206377
206383
206386
206387
206390
206421
206444
206492
206494
206495
206496
206497
206543
206573
206575
206576
206586
206587
206588
206589
206592
206600
206601
206609
206613
206614
206668
206670
206673
206674
206675
206676
206704
206706
206733
206734
206735
206737
206745
206746
206749
206753
206762
206763
206764
206765
206772
206781
206784
206785
206786
206787
206789
206790
206793
206794
206796
206797
206798
206800
206802
206803
206804
206807
206829
206845
206846
206848
206860
206863
206907
206909
206911
206955
207003
207041
207042
207047
207064
207065
207066
207080
207081
207082
207083
207084
207102
207103
207104
207108
207127
207128
207129
207135
207159
207161
207162
207164
207165
207166
207169
207171
207172
207173
207179
207180
207182
207183
207186
207190
207198
207214
207252
207254
207258
207260
207278
207279
207281
207283
207303
207305
207316
207317
207321
207322
207332
207333
207334
207335
207336
207343
207344
207367
207369
207370
207392
207396
207399
207400
207401
207403
207404
207407
207408
207409
207410
207411
207412
207413
207425
207426
207453
207454
207456
207462
207463
207472
207475
207476
207477
207494
207495
207496
207499
207514
207528
207532
207533
207534
207593
207594
207595
207596
207598
207599
207601
207605
207606
207607
207615
207617
207619
207670
207672
207673
207674
207676
207677
207678
207679
207681
207683
207684
207723
207727
207729
207730
207731
207734
207735
207736
207743
207744
207747
207767
207768
207769
207770
207795
207851
207853
207854
207858
207867
207958
207975
207976
207979
208026
208027
208028
208031
208032
208034
208045
208046
208047
208049
208063
208064
208067
208069
208070
208072
208073
208110
208111
208112
208113
208120
208130
208131
208132
208134
208135
208136
208207
208209
208210
208211
208212
208283
208285
208287
208298
208299
208311
208314
208317
208318
208324
208328
208337
208342
208345
208349
208373
208374
208377
208399
208400
208410
208414
208415
208416
208441
208443
208444
208447
208459
208460
208461
208462
208463
208466
208467
208480
208481
208482
208485
208486
208489
208492
208493
208494
208507
208509
208511
208512
208514
208515
208516
208531
208534
208536
208545
208546
208551
208552
208562
208563
208564
208565
208576
208578
208579
208580
208581
208582
208583
208584
208585
208587
208598
208601
208602
208604
208633
208642
208644
208645
208652
208653
208673
208675
208677
208695
208717
208718
208720
208738
208739
208740
208741
208742
208752
208754
208756
208757
208774
208775
208776
208778
208779
208797
208798
208809
208839
208848
208849
208861
208863
208864
208866
208867
208868
208870
208872
208875
208888
208890
208891
208906
208910
208912
208913
208915
208916
208917
208921
208932
208933
208936
208967
208968
208971
208974
208975
208984
208985
208986
208990
208998
209001
209002
209004
209006
209007
209020
209021
209022
209024
209025
209027
209047
209067
209068
209069
209085
209087
209088
209090
209091
209092
209108
209109
209112
209113
209114
209115
209116
209119
209120
209121
209123
209125
209148
209151
209177
209178
209187
209188
209189
209190
209191
209199
209200
209202
209204
209333
209426
209429
209523
209524
209526
209528
209529
209556
209612
209613
209620
209621
209622
209624
209625
209626
209634
209781
209782
209783
209785
209786
209789
209790
209949
209950
209952
209954
209957
210171
210215
210255
210273
210276
210289
210290
210291
210293
210340
210342
210343
210345
210380
210620
210624
210625
210627
